OFF
42 80 0
-2.27074e-010 0.575971 0.35597
9.8285e-011 0.575971 -0.35597
9.8285e-011 -0.575971 0.35597
-2.27074e-010 -0.575971 -0.35597
0.575971 0.35597 -2.27074e-010
0.575971 -0.35597 9.8285e-011
-0.575971 0.35597 9.8285e-011
-0.575971 -0.35597 -2.27074e-010
0.35597 -2.27074e-010 0.575971
-0.35597 9.8285e-011 0.575971
0.35597 9.8285e-011 -0.575971
-0.35597 -2.27074e-010 -0.575971
0.384711 0.622476 0.237764
0 0.769422 0
-0.384711 0.622476 -0.237764
0 -0.769422 0
0.384711 -0.622476 -0.237764
-0.384711 -0.622476 0.237764
0.769422 0 0
0.622476 -0.237764 -0.384711
0.622476 0.237764 0.384711
-0.769422 0 0
-0.622476 -0.237764 0.384711
-0.622476 0.237764 -0.384711
0 0 0.769422
0.237764 -0.384711 0.622476
-0.237764 0.384711 0.622476
0 0 -0.769422
0.237764 0.384711 -0.622476
-0.237764 -0.384711 -0.622476
0.237764 0.384711 0.622476
-0.384711 0.622476 0.237764
-0.622476 0.237764 0.384711
0.384711 0.622476 -0.237764
0.622476 0.237764 -0.384711
-0.237764 0.384711 -0.622476
0.384711 -0.622476 0.237764
0.622476 -0.237764 0.384711
-0.237764 -0.384711 0.622476
0.237764 -0.384711 -0.622476
-0.384711 -0.622476 -0.237764
-0.622476 -0.237764 -0.384711
3 13 12 33
3 13 14 31
3 15 16 36
3 15 17 40
3 18 19 34
3 18 20 37
3 21 22 32
3 21 23 41
3 24 38 25
3 24 30 26
3 27 35 28
3 27 39 29
3 30 20 12
3 31 32 26
3 33 34 28
3 35 23 14
3 36 37 25
3 38 22 17
3 39 19 16
3 40 41 29
3 1 13 33
3 13 0 12
3 33 12 4
3 0 13 31
3 13 1 14
3 31 14 6
3 2 15 36
3 15 3 16
3 36 16 5
3 3 15 40
3 15 2 17
3 40 17 7
3 4 18 34
3 18 5 19
3 34 19 10
3 5 18 37
3 18 4 20
3 37 20 8
3 6 21 32
3 21 7 22
3 32 22 9
3 7 21 41
3 21 6 23
3 41 23 11
3 8 24 25
3 24 9 38
3 25 38 2
3 9 24 26
3 24 8 30
3 26 30 0
3 10 27 28
3 27 11 35
3 28 35 1
3 11 27 29
3 27 10 39
3 29 39 3
3 0 30 12
3 30 8 20
3 12 20 4
3 0 31 26
3 31 6 32
3 26 32 9
3 1 33 28
3 33 4 34
3 28 34 10
3 1 35 14
3 35 11 23
3 14 23 6
3 2 36 25
3 36 5 37
3 25 37 8
3 2 38 17
3 38 9 22
3 17 22 7
3 3 39 16
3 39 10 19
3 16 19 5
3 3 40 29
3 40 7 41
3 29 41 11
